,TRADE_DATE,LPR1Y,LPR5Y,RATE_1,RATE_2
0,1991-04-21,,,8.64,9.72
1,1993-05-15,,,9.36,12.24
2,1993-07-11,,,10.98,14.04
3,1995-01-01,,,10.98,14.76
4,1995-07-01,,,12.06,15.3
5,1996-05-01,,,10.98,15.12
6,1996-08-23,,,10.08,12.42
7,1997-10-23,,,8.64,10.53
8,1998-03-25,,,7.92,10.35
9,1998-07-01,,,6.93,8.01
10,1998-12-07,,,6.39,7.56
11,1999-06-10,,,5.85,6.21
12,2002-02-21,,,5.31,5.76
13,2004-10-29,,,5.58,6.12
14,2006-04-28,,,5.85,6.39
15,2006-08-19,,,6.12,6.84
16,2007-03-18,,,6.39,7.11
17,2007-05-19,,,6.57,7.2
18,2007-07-21,,,6.84,7.38
19,2007-08-22,,,7.02,7.56
20,2007-09-15,,,7.29,7.83
21,2007-12-21,,,7.47,7.83
22,2008-09-16,,,7.2,7.74
23,2008-10-09,,,6.93,7.47
24,2008-10-30,,,6.66,7.2
25,2008-11-27,,,5.58,6.12
26,2008-12-23,,,5.31,5.94
27,2010-10-20,,,5.56,6.14
28,2010-12-26,,,5.81,6.4
29,2011-02-09,,,6.06,6.6
30,2011-04-06,,,6.31,6.8
31,2011-07-07,,,6.56,7.05
32,2012-06-08,,,6.31,6.8
33,2012-07-06,,,6.0,6.55
34,2013-10-25,5.71,,6.0,6.55
35,2013-10-28,5.72,,6.0,6.55
36,2013-10-29,5.72,,6.0,6.55
37,2013-10-30,5.72,,6.0,6.55
38,2013-10-31,5.72,,6.0,6.55
39,2013-11-01,5.72,,6.0,6.55
40,2013-11-04,5.72,,6.0,6.55
41,2013-11-05,5.72,,6.0,6.55
42,2013-11-06,5.72,,6.0,6.55
43,2013-11-07,5.72,,6.0,6.55
44,2013-11-08,5.72,,6.0,6.55
45,2013-11-11,5.72,,6.0,6.55
46,2013-11-12,5.72,,6.0,6.55
47,2013-11-13,5.72,,6.0,6.55
48,2013-11-14,5.72,,6.0,6.55
49,2013-11-15,5.72,,6.0,6.55
50,2013-11-18,5.72,,6.0,6.55
51,2013-11-19,5.73,,6.0,6.55
52,2013-11-20,5.73,,6.0,6.55
53,2013-11-21,5.73,,6.0,6.55
54,2013-11-22,5.73,,6.0,6.55
55,2013-11-25,5.73,,6.0,6.55
56,2013-11-26,5.73,,6.0,6.55
57,2013-11-27,5.73,,6.0,6.55
58,2013-11-28,5.73,,6.0,6.55
59,2013-11-29,5.73,,6.0,6.55
60,2013-12-02,5.73,,6.0,6.55
61,2013-12-03,5.73,,6.0,6.55
62,2013-12-04,5.73,,6.0,6.55
63,2013-12-05,5.73,,6.0,6.55
64,2013-12-06,5.73,,6.0,6.55
65,2013-12-09,5.73,,6.0,6.55
66,2013-12-10,5.73,,6.0,6.55
67,2013-12-11,5.73,,6.0,6.55
68,2013-12-12,5.73,,6.0,6.55
69,2013-12-13,5.73,,6.0,6.55
70,2013-12-16,5.73,,6.0,6.55
71,2013-12-17,5.73,,6.0,6.55
72,2013-12-18,5.73,,6.0,6.55
73,2013-12-19,5.73,,6.0,6.55
74,2013-12-20,5.73,,6.0,6.55
75,2013-12-23,5.73,,6.0,6.55
76,2013-12-24,5.73,,6.0,6.55
77,2013-12-25,5.73,,6.0,6.55
78,2013-12-26,5.73,,6.0,6.55
79,2013-12-27,5.73,,6.0,6.55
80,2013-12-30,5.73,,6.0,6.55
81,2013-12-31,5.73,,6.0,6.55
82,2014-01-02,5.73,,6.0,6.55
83,2014-01-03,5.73,,6.0,6.55
84,2014-01-06,5.73,,6.0,6.55
85,2014-01-07,5.73,,6.0,6.55
86,2014-01-08,5.73,,6.0,6.55
87,2014-01-09,5.73,,6.0,6.55
88,2014-01-10,5.73,,6.0,6.55
89,2014-01-13,5.73,,6.0,6.55
90,2014-01-14,5.73,,6.0,6.55
91,2014-01-15,5.73,,6.0,6.55
92,2014-01-16,5.73,,6.0,6.55
93,2014-01-17,5.73,,6.0,6.55
94,2014-01-20,5.73,,6.0,6.55
95,2014-01-21,5.73,,6.0,6.55
96,2014-01-22,5.73,,6.0,6.55
97,2014-01-23,5.73,,6.0,6.55
98,2014-01-24,5.73,,6.0,6.55
99,2014-01-26,5.73,,6.0,6.55
100,2014-01-27,5.73,,6.0,6.55
101,2014-01-28,5.73,,6.0,6.55
102,2014-01-29,5.73,,6.0,6.55
103,2014-01-30,5.73,,6.0,6.55
104,2014-02-07,5.73,,6.0,6.55
105,2014-02-08,5.73,,6.0,6.55
106,2014-02-10,5.73,,6.0,6.55
107,2014-02-11,5.73,,6.0,6.55
108,2014-02-12,5.73,,6.0,6.55
109,2014-02-13,5.74,,6.0,6.55
110,2014-02-14,5.76,,6.0,6.55
111,2014-02-17,5.76,,6.0,6.55
112,2014-02-18,5.76,,6.0,6.55
113,2014-02-19,5.76,,6.0,6.55
114,2014-02-20,5.76,,6.0,6.55
115,2014-02-21,5.76,,6.0,6.55
116,2014-02-24,5.76,,6.0,6.55
117,2014-02-25,5.76,,6.0,6.55
118,2014-02-26,5.76,,6.0,6.55
119,2014-02-27,5.76,,6.0,6.55
120,2014-02-28,5.76,,6.0,6.55
121,2014-03-03,5.76,,6.0,6.55
122,2014-03-04,5.76,,6.0,6.55
123,2014-03-05,5.76,,6.0,6.55
124,2014-03-06,5.76,,6.0,6.55
125,2014-03-07,5.76,,6.0,6.55
126,2014-03-10,5.76,,6.0,6.55
127,2014-03-11,5.76,,6.0,6.55
128,2014-03-12,5.76,,6.0,6.55
129,2014-03-13,5.76,,6.0,6.55
130,2014-03-14,5.76,,6.0,6.55
131,2014-03-17,5.76,,6.0,6.55
132,2014-03-18,5.76,,6.0,6.55
133,2014-03-19,5.76,,6.0,6.55
134,2014-03-20,5.76,,6.0,6.55
135,2014-03-21,5.76,,6.0,6.55
136,2014-03-24,5.76,,6.0,6.55
137,2014-03-25,5.76,,6.0,6.55
138,2014-03-26,5.76,,6.0,6.55
139,2014-03-27,5.76,,6.0,6.55
140,2014-03-28,5.76,,6.0,6.55
141,2014-03-31,5.76,,6.0,6.55
142,2014-04-01,5.77,,6.0,6.55
143,2014-04-02,5.77,,6.0,6.55
144,2014-04-03,5.77,,6.0,6.55
145,2014-04-04,5.77,,6.0,6.55
146,2014-04-08,5.77,,6.0,6.55
147,2014-04-09,5.77,,6.0,6.55
148,2014-04-10,5.77,,6.0,6.55
149,2014-04-11,5.77,,6.0,6.55
150,2014-04-14,5.77,,6.0,6.55
151,2014-04-15,5.77,,6.0,6.55
152,2014-04-16,5.77,,6.0,6.55
153,2014-04-17,5.77,,6.0,6.55
154,2014-04-18,5.77,,6.0,6.55
155,2014-04-21,5.77,,6.0,6.55
156,2014-04-22,5.77,,6.0,6.55
157,2014-04-23,5.77,,6.0,6.55
158,2014-04-24,5.77,,6.0,6.55
159,2014-04-25,5.77,,6.0,6.55
160,2014-04-28,5.77,,6.0,6.55
161,2014-04-29,5.77,,6.0,6.55
162,2014-04-30,5.77,,6.0,6.55
163,2014-05-04,5.77,,6.0,6.55
164,2014-05-05,5.77,,6.0,6.55
165,2014-05-06,5.77,,6.0,6.55
166,2014-05-07,5.77,,6.0,6.55
167,2014-05-08,5.77,,6.0,6.55
168,2014-05-09,5.77,,6.0,6.55
169,2014-05-12,5.77,,6.0,6.55
170,2014-05-13,5.77,,6.0,6.55
171,2014-05-14,5.77,,6.0,6.55
172,2014-05-15,5.77,,6.0,6.55
173,2014-05-16,5.77,,6.0,6.55
174,2014-05-19,5.77,,6.0,6.55
175,2014-05-20,5.77,,6.0,6.55
176,2014-05-21,5.77,,6.0,6.55
177,2014-05-22,5.77,,6.0,6.55
178,2014-05-23,5.77,,6.0,6.55
179,2014-05-26,5.77,,6.0,6.55
180,2014-05-27,5.77,,6.0,6.55
181,2014-05-28,5.77,,6.0,6.55
182,2014-05-29,5.77,,6.0,6.55
183,2014-05-30,5.77,,6.0,6.55
184,2014-06-03,5.77,,6.0,6.55
185,2014-06-04,5.77,,6.0,6.55
186,2014-06-05,5.77,,6.0,6.55
187,2014-06-06,5.77,,6.0,6.55
188,2014-06-09,5.77,,6.0,6.55
189,2014-06-10,5.77,,6.0,6.55
190,2014-06-11,5.77,,6.0,6.55
191,2014-06-12,5.77,,6.0,6.55
192,2014-06-13,5.77,,6.0,6.55
193,2014-06-16,5.77,,6.0,6.55
194,2014-06-17,5.76,,6.0,6.55
195,2014-06-18,5.76,,6.0,6.55
196,2014-06-19,5.76,,6.0,6.55
197,2014-06-20,5.76,,6.0,6.55
198,2014-06-23,5.76,,6.0,6.55
199,2014-06-24,5.76,,6.0,6.55
200,2014-06-25,5.76,,6.0,6.55
201,2014-06-26,5.76,,6.0,6.55
202,2014-06-27,5.76,,6.0,6.55
203,2014-06-30,5.76,,6.0,6.55
204,2014-07-01,5.76,,6.0,6.55
205,2014-07-02,5.76,,6.0,6.55
206,2014-07-03,5.76,,6.0,6.55
207,2014-07-04,5.76,,6.0,6.55
208,2014-07-07,5.76,,6.0,6.55
209,2014-07-08,5.76,,6.0,6.55
210,2014-07-09,5.76,,6.0,6.55
211,2014-07-10,5.76,,6.0,6.55
212,2014-07-11,5.76,,6.0,6.55
213,2014-07-14,5.76,,6.0,6.55
214,2014-07-15,5.76,,6.0,6.55
215,2014-07-16,5.76,,6.0,6.55
216,2014-07-17,5.76,,6.0,6.55
217,2014-07-18,5.76,,6.0,6.55
218,2014-07-21,5.76,,6.0,6.55
219,2014-07-22,5.76,,6.0,6.55
220,2014-07-23,5.76,,6.0,6.55
221,2014-07-24,5.76,,6.0,6.55
222,2014-07-25,5.76,,6.0,6.55
223,2014-07-28,5.76,,6.0,6.55
224,2014-07-29,5.76,,6.0,6.55
225,2014-07-30,5.76,,6.0,6.55
226,2014-07-31,5.76,,6.0,6.55
227,2014-08-01,5.76,,6.0,6.55
228,2014-08-04,5.76,,6.0,6.55
229,2014-08-05,5.76,,6.0,6.55
230,2014-08-06,5.76,,6.0,6.55
231,2014-08-07,5.76,,6.0,6.55
232,2014-08-08,5.76,,6.0,6.55
233,2014-08-11,5.76,,6.0,6.55
234,2014-08-12,5.76,,6.0,6.55
235,2014-08-13,5.76,,6.0,6.55
236,2014-08-14,5.76,,6.0,6.55
237,2014-08-15,5.76,,6.0,6.55
238,2014-08-18,5.76,,6.0,6.55
239,2014-08-19,5.76,,6.0,6.55
240,2014-08-20,5.76,,6.0,6.55
241,2014-08-21,5.76,,6.0,6.55
242,2014-08-22,5.76,,6.0,6.55
243,2014-08-25,5.76,,6.0,6.55
244,2014-08-26,5.76,,6.0,6.55
245,2014-08-27,5.76,,6.0,6.55
246,2014-08-28,5.76,,6.0,6.55
247,2014-08-29,5.76,,6.0,6.55
248,2014-09-01,5.76,,6.0,6.55
249,2014-09-02,5.76,,6.0,6.55
250,2014-09-03,5.76,,6.0,6.55
251,2014-09-04,5.76,,6.0,6.55
252,2014-09-05,5.76,,6.0,6.55
253,2014-09-09,5.76,,6.0,6.55
254,2014-09-10,5.76,,6.0,6.55
255,2014-09-11,5.76,,6.0,6.55
256,2014-09-12,5.76,,6.0,6.55
257,2014-09-15,5.76,,6.0,6.55
258,2014-09-16,5.76,,6.0,6.55
259,2014-09-17,5.76,,6.0,6.55
260,2014-09-18,5.76,,6.0,6.55
261,2014-09-19,5.76,,6.0,6.55
262,2014-09-22,5.76,,6.0,6.55
263,2014-09-23,5.76,,6.0,6.55
264,2014-09-24,5.76,,6.0,6.55
265,2014-09-25,5.76,,6.0,6.55
266,2014-09-26,5.76,,6.0,6.55
267,2014-09-28,5.76,,6.0,6.55
268,2014-09-29,5.76,,6.0,6.55
269,2014-09-30,5.76,,6.0,6.55
270,2014-10-08,5.76,,6.0,6.55
271,2014-10-09,5.76,,6.0,6.55
272,2014-10-10,5.76,,6.0,6.55
273,2014-10-11,5.76,,6.0,6.55
274,2014-10-13,5.76,,6.0,6.55
275,2014-10-14,5.76,,6.0,6.55
276,2014-10-15,5.76,,6.0,6.55
277,2014-10-16,5.76,,6.0,6.55
278,2014-10-17,5.76,,6.0,6.55
279,2014-10-20,5.76,,6.0,6.55
280,2014-10-21,5.76,,6.0,6.55
281,2014-10-22,5.76,,6.0,6.55
282,2014-10-23,5.76,,6.0,6.55
283,2014-10-24,5.76,,6.0,6.55
284,2014-10-27,5.76,,6.0,6.55
285,2014-10-28,5.76,,6.0,6.55
286,2014-10-29,5.76,,6.0,6.55
287,2014-10-30,5.76,,6.0,6.55
288,2014-10-31,5.76,,6.0,6.55
289,2014-11-03,5.76,,6.0,6.55
290,2014-11-04,5.76,,6.0,6.55
291,2014-11-05,5.76,,6.0,6.55
292,2014-11-06,5.76,,6.0,6.55
293,2014-11-07,5.76,,6.0,6.55
294,2014-11-10,5.76,,6.0,6.55
295,2014-11-11,5.76,,6.0,6.55
296,2014-11-12,5.76,,6.0,6.55
297,2014-11-13,5.76,,6.0,6.55
298,2014-11-14,5.76,,6.0,6.55
299,2014-11-17,5.76,,6.0,6.55
300,2014-11-18,5.76,,6.0,6.55
301,2014-11-19,5.76,,6.0,6.55
302,2014-11-20,5.76,,6.0,6.55
303,2014-11-21,5.76,,6.0,6.55
304,2014-11-22,,,5.6,6.15
305,2014-11-24,5.56,,5.6,6.15
306,2014-11-25,5.56,,5.6,6.15
307,2014-11-26,5.56,,5.6,6.15
308,2014-11-27,5.52,,5.6,6.15
309,2014-11-28,5.51,,5.6,6.15
310,2014-12-01,5.51,,5.6,6.15
311,2014-12-02,5.51,,5.6,6.15
312,2014-12-03,5.51,,5.6,6.15
313,2014-12-04,5.51,,5.6,6.15
314,2014-12-05,5.51,,5.6,6.15
315,2014-12-08,5.51,,5.6,6.15
316,2014-12-09,5.51,,5.6,6.15
317,2014-12-10,5.51,,5.6,6.15
318,2014-12-11,5.51,,5.6,6.15
319,2014-12-12,5.51,,5.6,6.15
320,2014-12-15,5.51,,5.6,6.15
321,2014-12-16,5.51,,5.6,6.15
322,2014-12-17,5.51,,5.6,6.15
323,2014-12-18,5.51,,5.6,6.15
324,2014-12-19,5.51,,5.6,6.15
325,2014-12-22,5.51,,5.6,6.15
326,2014-12-23,5.51,,5.6,6.15
327,2014-12-24,5.51,,5.6,6.15
328,2014-12-25,5.51,,5.6,6.15
329,2014-12-26,5.51,,5.6,6.15
330,2014-12-29,5.51,,5.6,6.15
331,2014-12-30,5.51,,5.6,6.15
332,2014-12-31,5.51,,5.6,6.15
333,2015-01-04,5.51,,5.6,6.15
334,2015-01-05,5.51,,5.6,6.15
335,2015-01-06,5.51,,5.6,6.15
336,2015-01-07,5.51,,5.6,6.15
337,2015-01-08,5.51,,5.6,6.15
338,2015-01-09,5.51,,5.6,6.15
339,2015-01-12,5.51,,5.6,6.15
340,2015-01-13,5.51,,5.6,6.15
341,2015-01-14,5.51,,5.6,6.15
342,2015-01-15,5.51,,5.6,6.15
343,2015-01-16,5.51,,5.6,6.15
344,2015-01-19,5.51,,5.6,6.15
345,2015-01-20,5.51,,5.6,6.15
346,2015-01-21,5.51,,5.6,6.15
347,2015-01-22,5.51,,5.6,6.15
348,2015-01-23,5.51,,5.6,6.15
349,2015-01-26,5.51,,5.6,6.15
350,2015-01-27,5.51,,5.6,6.15
351,2015-01-28,5.51,,5.6,6.15
352,2015-01-29,5.51,,5.6,6.15
353,2015-01-30,5.51,,5.6,6.15
354,2015-02-02,5.51,,5.6,6.15
355,2015-02-03,5.51,,5.6,6.15
356,2015-02-04,5.51,,5.6,6.15
357,2015-02-05,5.51,,5.6,6.15
358,2015-02-06,5.51,,5.6,6.15
359,2015-02-09,5.51,,5.6,6.15
360,2015-02-10,5.51,,5.6,6.15
361,2015-02-11,5.51,,5.6,6.15
362,2015-02-12,5.51,,5.6,6.15
363,2015-02-13,5.51,,5.6,6.15
364,2015-02-15,5.51,,5.6,6.15
365,2015-02-16,5.51,,5.6,6.15
366,2015-02-17,5.51,,5.6,6.15
367,2015-02-25,5.51,,5.6,6.15
368,2015-02-26,5.51,,5.6,6.15
369,2015-02-27,5.51,,5.6,6.15
370,2015-02-28,5.51,,5.6,6.15
371,2015-03-01,,,5.35,5.9
372,2015-03-02,5.3,,5.35,5.9
373,2015-03-03,5.3,,5.35,5.9
374,2015-03-04,5.3,,5.35,5.9
375,2015-03-05,5.3,,5.35,5.9
376,2015-03-06,5.3,,5.35,5.9
377,2015-03-09,5.3,,5.35,5.9
378,2015-03-10,5.3,,5.35,5.9
379,2015-03-11,5.3,,5.35,5.9
380,2015-03-12,5.3,,5.35,5.9
381,2015-03-13,5.3,,5.35,5.9
382,2015-03-16,5.3,,5.35,5.9
383,2015-03-17,5.3,,5.35,5.9
384,2015-03-18,5.3,,5.35,5.9
385,2015-03-19,5.3,,5.35,5.9
386,2015-03-20,5.3,,5.35,5.9
387,2015-03-23,5.3,,5.35,5.9
388,2015-03-24,5.3,,5.35,5.9
389,2015-03-25,5.3,,5.35,5.9
390,2015-03-26,5.3,,5.35,5.9
391,2015-03-27,5.3,,5.35,5.9
392,2015-03-30,5.3,,5.35,5.9
393,2015-03-31,5.3,,5.35,5.9
394,2015-04-01,5.3,,5.35,5.9
395,2015-04-02,5.3,,5.35,5.9
396,2015-04-03,5.3,,5.35,5.9
397,2015-04-07,5.3,,5.35,5.9
398,2015-04-08,5.3,,5.35,5.9
399,2015-04-09,5.3,,5.35,5.9
400,2015-04-10,5.3,,5.35,5.9
401,2015-04-13,5.3,,5.35,5.9
402,2015-04-14,5.3,,5.35,5.9
403,2015-04-15,5.3,,5.35,5.9
404,2015-04-16,5.3,,5.35,5.9
405,2015-04-17,5.3,,5.35,5.9
406,2015-04-20,5.3,,5.35,5.9
407,2015-04-21,5.3,,5.35,5.9
408,2015-04-22,5.3,,5.35,5.9
409,2015-04-23,5.3,,5.35,5.9
410,2015-04-24,5.3,,5.35,5.9
411,2015-04-27,5.3,,5.35,5.9
412,2015-04-28,5.3,,5.35,5.9
413,2015-04-29,5.3,,5.35,5.9
414,2015-04-30,5.3,,5.35,5.9
415,2015-05-04,5.3,,5.35,5.9
416,2015-05-05,5.3,,5.35,5.9
417,2015-05-06,5.3,,5.35,5.9
418,2015-05-07,5.3,,5.35,5.9
419,2015-05-08,5.3,,5.35,5.9
420,2015-05-11,5.05,,5.1,5.65
421,2015-05-12,5.05,,5.1,5.65
422,2015-05-13,5.05,,5.1,5.65
423,2015-05-14,5.05,,5.1,5.65
424,2015-05-15,5.05,,5.1,5.65
425,2015-05-18,5.05,,5.1,5.65
426,2015-05-19,5.05,,5.1,5.65
427,2015-05-20,5.05,,5.1,5.65
428,2015-05-21,5.05,,5.1,5.65
429,2015-05-22,5.05,,5.1,5.65
430,2015-05-25,5.05,,5.1,5.65
431,2015-05-26,5.05,,5.1,5.65
432,2015-05-27,5.05,,5.1,5.65
433,2015-05-28,5.05,,5.1,5.65
434,2015-05-29,5.05,,5.1,5.65
435,2015-06-01,5.05,,5.1,5.65
436,2015-06-02,5.05,,5.1,5.65
437,2015-06-03,5.05,,5.1,5.65
438,2015-06-04,5.05,,5.1,5.65
439,2015-06-05,5.05,,5.1,5.65
440,2015-06-08,5.05,,5.1,5.65
441,2015-06-09,5.05,,5.1,5.65
442,2015-06-10,5.05,,5.1,5.65
443,2015-06-11,5.05,,5.1,5.65
444,2015-06-12,5.05,,5.1,5.65
445,2015-06-15,5.05,,5.1,5.65
446,2015-06-16,5.05,,5.1,5.65
447,2015-06-17,5.05,,5.1,5.65
448,2015-06-18,5.05,,5.1,5.65
449,2015-06-19,5.05,,5.1,5.65
450,2015-06-23,5.05,,5.1,5.65
451,2015-06-24,5.05,,5.1,5.65
452,2015-06-25,5.05,,5.1,5.65
453,2015-06-26,5.05,,5.1,5.65
454,2015-06-28,,,4.85,5.4
455,2015-06-29,4.8,,4.85,5.4
456,2015-06-30,4.8,,4.85,5.4
457,2015-07-01,4.8,,4.85,5.4
458,2015-07-02,4.8,,4.85,5.4
459,2015-07-03,4.8,,4.85,5.4
460,2015-07-06,4.8,,4.85,5.4
461,2015-07-07,4.8,,4.85,5.4
462,2015-07-08,4.8,,4.85,5.4
463,2015-07-09,4.8,,4.85,5.4
464,2015-07-10,4.8,,4.85,5.4
465,2015-07-13,4.8,,4.85,5.4
466,2015-07-14,4.8,,4.85,5.4
467,2015-07-15,4.8,,4.85,5.4
468,2015-07-16,4.8,,4.85,5.4
469,2015-07-17,4.8,,4.85,5.4
470,2015-07-20,4.8,,4.85,5.4
471,2015-07-21,4.8,,4.85,5.4
472,2015-07-22,4.8,,4.85,5.4
473,2015-07-23,4.8,,4.85,5.4
474,2015-07-24,4.8,,4.85,5.4
475,2015-07-27,4.8,,4.85,5.4
476,2015-07-28,4.8,,4.85,5.4
477,2015-07-29,4.8,,4.85,5.4
478,2015-07-30,4.8,,4.85,5.4
479,2015-07-31,4.8,,4.85,5.4
480,2015-08-03,4.8,,4.85,5.4
481,2015-08-04,4.8,,4.85,5.4
482,2015-08-05,4.8,,4.85,5.4
483,2015-08-06,4.8,,4.85,5.4
484,2015-08-07,4.8,,4.85,5.4
485,2015-08-10,4.8,,4.85,5.4
486,2015-08-11,4.8,,4.85,5.4
487,2015-08-12,4.8,,4.85,5.4
488,2015-08-13,4.8,,4.85,5.4
489,2015-08-14,4.8,,4.85,5.4
490,2015-08-17,4.8,,4.85,5.4
491,2015-08-18,4.8,,4.85,5.4
492,2015-08-19,4.8,,4.85,5.4
493,2015-08-20,4.8,,4.85,5.4
494,2015-08-21,4.8,,4.85,5.4
495,2015-08-24,4.8,,4.85,5.4
496,2015-08-25,4.8,,4.85,5.4
497,2015-08-26,4.55,,4.6,5.15
498,2015-08-27,4.55,,4.6,5.15
499,2015-08-28,4.55,,4.6,5.15
500,2015-08-31,4.55,,4.6,5.15
501,2015-09-01,4.55,,4.6,5.15
502,2015-09-02,4.55,,4.6,5.15
503,2015-09-06,4.55,,4.6,5.15
504,2015-09-07,4.55,,4.6,5.15
505,2015-09-08,4.55,,4.6,5.15
506,2015-09-09,4.55,,4.6,5.15
507,2015-09-10,4.55,,4.6,5.15
508,2015-09-11,4.55,,4.6,5.15
509,2015-09-14,4.55,,4.6,5.15
510,2015-09-15,4.55,,4.6,5.15
511,2015-09-16,4.55,,4.6,5.15
512,2015-09-17,4.55,,4.6,5.15
513,2015-09-18,4.55,,4.6,5.15
514,2015-09-21,4.55,,4.6,5.15
515,2015-09-22,4.55,,4.6,5.15
516,2015-09-23,4.55,,4.6,5.15
517,2015-09-24,4.55,,4.6,5.15
518,2015-09-25,4.55,,4.6,5.15
519,2015-09-28,4.55,,4.6,5.15
520,2015-09-29,4.55,,4.6,5.15
521,2015-09-30,4.55,,4.6,5.15
522,2015-10-08,4.55,,4.6,5.15
523,2015-10-09,4.55,,4.6,5.15
524,2015-10-10,4.55,,4.6,5.15
525,2015-10-12,4.55,,4.6,5.15
526,2015-10-13,4.55,,4.6,5.15
527,2015-10-14,4.55,,4.6,5.15
528,2015-10-15,4.55,,4.6,5.15
529,2015-10-16,4.55,,4.6,5.15
530,2015-10-19,4.55,,4.6,5.15
531,2015-10-20,4.55,,4.6,5.15
532,2015-10-21,4.55,,4.6,5.15
533,2015-10-22,4.55,,4.6,5.15
534,2015-10-23,4.55,,4.6,5.15
535,2015-10-24,,,4.35,4.9
536,2015-10-26,4.3,,4.35,4.9
537,2015-10-27,4.3,,4.35,4.9
538,2015-10-28,4.3,,4.35,4.9
539,2015-10-29,4.3,,4.35,4.9
540,2015-10-30,4.3,,4.35,4.9
541,2015-11-02,4.3,,4.35,4.9
542,2015-11-03,4.3,,4.35,4.9
543,2015-11-04,4.3,,4.35,4.9
544,2015-11-05,4.3,,4.35,4.9
545,2015-11-06,4.3,,4.35,4.9
546,2015-11-09,4.3,,4.35,4.9
547,2015-11-10,4.3,,4.35,4.9
548,2015-11-11,4.3,,4.35,4.9
549,2015-11-12,4.3,,4.35,4.9
550,2015-11-13,4.3,,4.35,4.9
551,2015-11-16,4.3,,4.35,4.9
552,2015-11-17,4.3,,4.35,4.9
553,2015-11-18,4.3,,4.35,4.9
554,2015-11-19,4.3,,4.35,4.9
555,2015-11-20,4.3,,4.35,4.9
556,2015-11-23,4.3,,4.35,4.9
557,2015-11-24,4.3,,4.35,4.9
558,2015-11-25,4.3,,4.35,4.9
559,2015-11-26,4.3,,4.35,4.9
560,2015-11-27,4.3,,4.35,4.9
561,2015-11-30,4.3,,4.35,4.9
562,2015-12-01,4.3,,4.35,4.9
563,2015-12-02,4.3,,4.35,4.9
564,2015-12-03,4.3,,4.35,4.9
565,2015-12-04,4.3,,4.35,4.9
566,2015-12-07,4.3,,4.35,4.9
567,2015-12-08,4.3,,4.35,4.9
568,2015-12-09,4.3,,4.35,4.9
569,2015-12-10,4.3,,4.35,4.9
570,2015-12-11,4.3,,4.35,4.9
571,2015-12-14,4.3,,4.35,4.9
572,2015-12-15,4.3,,4.35,4.9
573,2015-12-16,4.3,,4.35,4.9
574,2015-12-17,4.3,,4.35,4.9
575,2015-12-18,4.3,,4.35,4.9
576,2015-12-21,4.3,,4.35,4.9
577,2015-12-22,4.3,,4.35,4.9
578,2015-12-23,4.3,,4.35,4.9
579,2015-12-24,4.3,,4.35,4.9
580,2015-12-25,4.3,,4.35,4.9
581,2015-12-28,4.3,,4.35,4.9
582,2015-12-29,4.3,,4.35,4.9
583,2015-12-30,4.3,,4.35,4.9
584,2015-12-31,4.3,,4.35,4.9
585,2016-01-04,4.3,,4.35,4.9
586,2016-01-05,4.3,,4.35,4.9
587,2016-01-06,4.3,,4.35,4.9
588,2016-01-07,4.3,,4.35,4.9
589,2016-01-08,4.3,,4.35,4.9
590,2016-01-11,4.3,,4.35,4.9
591,2016-01-12,4.3,,4.35,4.9
592,2016-01-13,4.3,,4.35,4.9
593,2016-01-14,4.3,,4.35,4.9
594,2016-01-15,4.3,,4.35,4.9
595,2016-01-18,4.3,,4.35,4.9
596,2016-01-19,4.3,,4.35,4.9
597,2016-01-20,4.3,,4.35,4.9
598,2016-01-21,4.3,,4.35,4.9
599,2016-01-22,4.3,,4.35,4.9
600,2016-01-25,4.3,,4.35,4.9
601,2016-01-26,4.3,,4.35,4.9
602,2016-01-27,4.3,,4.35,4.9
603,2016-01-28,4.3,,4.35,4.9
604,2016-01-29,4.3,,4.35,4.9
605,2016-02-01,4.3,,4.35,4.9
606,2016-02-02,4.3,,4.35,4.9
607,2016-02-03,4.3,,4.35,4.9
608,2016-02-04,4.3,,4.35,4.9
609,2016-02-05,4.3,,4.35,4.9
610,2016-02-06,4.3,,4.35,4.9
611,2016-02-14,4.3,,4.35,4.9
612,2016-02-15,4.3,,4.35,4.9
613,2016-02-16,4.3,,4.35,4.9
614,2016-02-17,4.3,,4.35,4.9
615,2016-02-18,4.3,,4.35,4.9
616,2016-02-19,4.3,,4.35,4.9
617,2016-02-22,4.3,,4.35,4.9
618,2016-02-23,4.3,,4.35,4.9
619,2016-02-24,4.3,,4.35,4.9
620,2016-02-25,4.3,,4.35,4.9
621,2016-02-26,4.3,,4.35,4.9
622,2016-02-29,4.3,,4.35,4.9
623,2016-03-01,4.3,,4.35,4.9
624,2016-03-02,4.3,,4.35,4.9
625,2016-03-03,4.3,,4.35,4.9
626,2016-03-04,4.3,,4.35,4.9
627,2016-03-07,4.3,,4.35,4.9
628,2016-03-08,4.3,,4.35,4.9
629,2016-03-09,4.3,,4.35,4.9
630,2016-03-10,4.3,,4.35,4.9
631,2016-03-11,4.3,,4.35,4.9
632,2016-03-14,4.3,,4.35,4.9
633,2016-03-15,4.3,,4.35,4.9
634,2016-03-16,4.3,,4.35,4.9
635,2016-03-17,4.3,,4.35,4.9
636,2016-03-18,4.3,,4.35,4.9
637,2016-03-21,4.3,,4.35,4.9
638,2016-03-22,4.3,,4.35,4.9
639,2016-03-23,4.3,,4.35,4.9
640,2016-03-24,4.3,,4.35,4.9
641,2016-03-25,4.3,,4.35,4.9
642,2016-03-28,4.3,,4.35,4.9
643,2016-03-29,4.3,,4.35,4.9
644,2016-03-30,4.3,,4.35,4.9
645,2016-03-31,4.3,,4.35,4.9
646,2016-04-01,4.3,,4.35,4.9
647,2016-04-05,4.3,,4.35,4.9
648,2016-04-06,4.3,,4.35,4.9
649,2016-04-07,4.3,,4.35,4.9
650,2016-04-08,4.3,,4.35,4.9
651,2016-04-11,4.3,,4.35,4.9
652,2016-04-12,4.3,,4.35,4.9
653,2016-04-13,4.3,,4.35,4.9
654,2016-04-14,4.3,,4.35,4.9
655,2016-04-15,4.3,,4.35,4.9
656,2016-04-18,4.3,,4.35,4.9
657,2016-04-19,4.3,,4.35,4.9
658,2016-04-20,4.3,,4.35,4.9
659,2016-04-21,4.3,,4.35,4.9
660,2016-04-22,4.3,,4.35,4.9
661,2016-04-25,4.3,,4.35,4.9
662,2016-04-26,4.3,,4.35,4.9
663,2016-04-27,4.3,,4.35,4.9
664,2016-04-28,4.3,,4.35,4.9
665,2016-04-29,4.3,,4.35,4.9
666,2016-05-03,4.3,,4.35,4.9
667,2016-05-04,4.3,,4.35,4.9
668,2016-05-05,4.3,,4.35,4.9
669,2016-05-06,4.3,,4.35,4.9
670,2016-05-09,4.3,,4.35,4.9
671,2016-05-10,4.3,,4.35,4.9
672,2016-05-11,4.3,,4.35,4.9
673,2016-05-12,4.3,,4.35,4.9
674,2016-05-13,4.3,,4.35,4.9
675,2016-05-16,4.3,,4.35,4.9
676,2016-05-17,4.3,,4.35,4.9
677,2016-05-18,4.3,,4.35,4.9
678,2016-05-19,4.3,,4.35,4.9
679,2016-05-20,4.3,,4.35,4.9
680,2016-05-23,4.3,,4.35,4.9
681,2016-05-24,4.3,,4.35,4.9
682,2016-05-25,4.3,,4.35,4.9
683,2016-05-26,4.3,,4.35,4.9
684,2016-05-27,4.3,,4.35,4.9
685,2016-05-30,4.3,,4.35,4.9
686,2016-05-31,4.3,,4.35,4.9
687,2016-06-01,4.3,,4.35,4.9
688,2016-06-02,4.3,,4.35,4.9
689,2016-06-03,4.3,,4.35,4.9
690,2016-06-06,4.3,,4.35,4.9
691,2016-06-07,4.3,,4.35,4.9
692,2016-06-08,4.3,,4.35,4.9
693,2016-06-12,4.3,,4.35,4.9
694,2016-06-13,4.3,,4.35,4.9
695,2016-06-14,4.3,,4.35,4.9
696,2016-06-15,4.3,,4.35,4.9
697,2016-06-16,4.3,,4.35,4.9
698,2016-06-17,4.3,,4.35,4.9
699,2016-06-20,4.3,,4.35,4.9
700,2016-06-21,4.3,,4.35,4.9
701,2016-06-22,4.3,,4.35,4.9
702,2016-06-23,4.3,,4.35,4.9
703,2016-06-24,4.3,,4.35,4.9
704,2016-06-27,4.3,,4.35,4.9
705,2016-06-28,4.3,,4.35,4.9
706,2016-06-29,4.3,,4.35,4.9
707,2016-06-30,4.3,,4.35,4.9
708,2016-07-01,4.3,,4.35,4.9
709,2016-07-04,4.3,,4.35,4.9
710,2016-07-05,4.3,,4.35,4.9
711,2016-07-06,4.3,,4.35,4.9
712,2016-07-07,4.3,,4.35,4.9
713,2016-07-08,4.3,,4.35,4.9
714,2016-07-11,4.3,,4.35,4.9
715,2016-07-12,4.3,,4.35,4.9
716,2016-07-13,4.3,,4.35,4.9
717,2016-07-14,4.3,,4.35,4.9
718,2016-07-15,4.3,,4.35,4.9
719,2016-07-18,4.3,,4.35,4.9
720,2016-07-19,4.3,,4.35,4.9
721,2016-07-20,4.3,,4.35,4.9
722,2016-07-21,4.3,,4.35,4.9
723,2016-07-22,4.3,,4.35,4.9
724,2016-07-25,4.3,,4.35,4.9
725,2016-07-26,4.3,,4.35,4.9
726,2016-07-27,4.3,,4.35,4.9
727,2016-07-28,4.3,,4.35,4.9
728,2016-07-29,4.3,,4.35,4.9
729,2016-08-01,4.3,,4.35,4.9
730,2016-08-02,4.3,,4.35,4.9
731,2016-08-03,4.3,,4.35,4.9
732,2016-08-04,4.3,,4.35,4.9
733,2016-08-05,4.3,,4.35,4.9
734,2016-08-08,4.3,,4.35,4.9
735,2016-08-09,4.3,,4.35,4.9
736,2016-08-10,4.3,,4.35,4.9
737,2016-08-11,4.3,,4.35,4.9
738,2016-08-12,4.3,,4.35,4.9
739,2016-08-15,4.3,,4.35,4.9
740,2016-08-16,4.3,,4.35,4.9
741,2016-08-17,4.3,,4.35,4.9
742,2016-08-18,4.3,,4.35,4.9
743,2016-08-19,4.3,,4.35,4.9
744,2016-08-22,4.3,,4.35,4.9
745,2016-08-23,4.3,,4.35,4.9
746,2016-08-24,4.3,,4.35,4.9
747,2016-08-25,4.3,,4.35,4.9
748,2016-08-26,4.3,,4.35,4.9
749,2016-08-29,4.3,,4.35,4.9
750,2016-08-30,4.3,,4.35,4.9
751,2016-08-31,4.3,,4.35,4.9
752,2016-09-01,4.3,,4.35,4.9
753,2016-09-02,4.3,,4.35,4.9
754,2016-09-05,4.3,,4.35,4.9
755,2016-09-06,4.3,,4.35,4.9
756,2016-09-07,4.3,,4.35,4.9
757,2016-09-08,4.3,,4.35,4.9
758,2016-09-09,4.3,,4.35,4.9
759,2016-09-12,4.3,,4.35,4.9
760,2016-09-13,4.3,,4.35,4.9
761,2016-09-14,4.3,,4.35,4.9
762,2016-09-18,4.3,,4.35,4.9
763,2016-09-19,4.3,,4.35,4.9
764,2016-09-20,4.3,,4.35,4.9
765,2016-09-21,4.3,,4.35,4.9
766,2016-09-22,4.3,,4.35,4.9
767,2016-09-23,4.3,,4.35,4.9
768,2016-09-26,4.3,,4.35,4.9
769,2016-09-27,4.3,,4.35,4.9
770,2016-09-28,4.3,,4.35,4.9
771,2016-09-29,4.3,,4.35,4.9
772,2016-09-30,4.3,,4.35,4.9
773,2016-10-08,4.3,,4.35,4.9
774,2016-10-09,4.3,,4.35,4.9
775,2016-10-10,4.3,,4.35,4.9
776,2016-10-11,4.3,,4.35,4.9
777,2016-10-12,4.3,,4.35,4.9
778,2016-10-13,4.3,,4.35,4.9
779,2016-10-14,4.3,,4.35,4.9
780,2016-10-17,4.3,,4.35,4.9
781,2016-10-18,4.3,,4.35,4.9
782,2016-10-19,4.3,,4.35,4.9
783,2016-10-20,4.3,,4.35,4.9
784,2016-10-21,4.3,,4.35,4.9
785,2016-10-24,4.3,,4.35,4.9
786,2016-10-25,4.3,,4.35,4.9
787,2016-10-26,4.3,,4.35,4.9
788,2016-10-27,4.3,,4.35,4.9
789,2016-10-28,4.3,,4.35,4.9
790,2016-10-31,4.3,,4.35,4.9
791,2016-11-01,4.3,,4.35,4.9
792,2016-11-02,4.3,,4.35,4.9
793,2016-11-03,4.3,,4.35,4.9
794,2016-11-04,4.3,,4.35,4.9
795,2016-11-07,4.3,,4.35,4.9
796,2016-11-08,4.3,,4.35,4.9
797,2016-11-09,4.3,,4.35,4.9
798,2016-11-10,4.3,,4.35,4.9
799,2016-11-11,4.3,,4.35,4.9
800,2016-11-14,4.3,,4.35,4.9
801,2016-11-15,4.3,,4.35,4.9
802,2016-11-16,4.3,,4.35,4.9
803,2016-11-17,4.3,,4.35,4.9
804,2016-11-18,4.3,,4.35,4.9
805,2016-11-21,4.3,,4.35,4.9
806,2016-11-22,4.3,,4.35,4.9
807,2016-11-23,4.3,,4.35,4.9
808,2016-11-24,4.3,,4.35,4.9
809,2016-11-25,4.3,,4.35,4.9
810,2016-11-28,4.3,,4.35,4.9
811,2016-11-29,4.3,,4.35,4.9
812,2016-11-30,4.3,,4.35,4.9
813,2016-12-01,4.3,,4.35,4.9
814,2016-12-02,4.3,,4.35,4.9
815,2016-12-05,4.3,,4.35,4.9
816,2016-12-06,4.3,,4.35,4.9
817,2016-12-07,4.3,,4.35,4.9
818,2016-12-08,4.3,,4.35,4.9
819,2016-12-09,4.3,,4.35,4.9
820,2016-12-12,4.3,,4.35,4.9
821,2016-12-13,4.3,,4.35,4.9
822,2016-12-14,4.3,,4.35,4.9
823,2016-12-15,4.3,,4.35,4.9
824,2016-12-16,4.3,,4.35,4.9
825,2016-12-19,4.3,,4.35,4.9
826,2016-12-20,4.3,,4.35,4.9
827,2016-12-21,4.3,,4.35,4.9
828,2016-12-22,4.3,,4.35,4.9
829,2016-12-23,4.3,,4.35,4.9
830,2016-12-26,4.3,,4.35,4.9
831,2016-12-27,4.3,,4.35,4.9
832,2016-12-28,4.3,,4.35,4.9
833,2016-12-29,4.3,,4.35,4.9
834,2016-12-30,4.3,,4.35,4.9
835,2017-01-03,4.3,,4.35,4.9
836,2017-01-04,4.3,,4.35,4.9
837,2017-01-05,4.3,,4.35,4.9
838,2017-01-06,4.3,,4.35,4.9
839,2017-01-09,4.3,,4.35,4.9
840,2017-01-10,4.3,,4.35,4.9
841,2017-01-11,4.3,,4.35,4.9
842,2017-01-12,4.3,,4.35,4.9
843,2017-01-13,4.3,,4.35,4.9
844,2017-01-16,4.3,,4.35,4.9
845,2017-01-17,4.3,,4.35,4.9
846,2017-01-18,4.3,,4.35,4.9
847,2017-01-19,4.3,,4.35,4.9
848,2017-01-20,4.3,,4.35,4.9
849,2017-01-22,4.3,,4.35,4.9
850,2017-01-23,4.3,,4.35,4.9
851,2017-01-24,4.3,,4.35,4.9
852,2017-01-25,4.3,,4.35,4.9
853,2017-01-26,4.3,,4.35,4.9
854,2017-02-03,4.3,,4.35,4.9
855,2017-02-04,4.3,,4.35,4.9
856,2017-02-06,4.3,,4.35,4.9
857,2017-02-07,4.3,,4.35,4.9
858,2017-02-08,4.3,,4.35,4.9
859,2017-02-09,4.3,,4.35,4.9
860,2017-02-10,4.3,,4.35,4.9
861,2017-02-13,4.3,,4.35,4.9
862,2017-02-14,4.3,,4.35,4.9
863,2017-02-15,4.3,,4.35,4.9
864,2017-02-16,4.3,,4.35,4.9
865,2017-02-17,4.3,,4.35,4.9
866,2017-02-20,4.3,,4.35,4.9
867,2017-02-21,4.3,,4.35,4.9
868,2017-02-22,4.3,,4.35,4.9
869,2017-02-23,4.3,,4.35,4.9
870,2017-02-24,4.3,,4.35,4.9
871,2017-02-27,4.3,,4.35,4.9
872,2017-02-28,4.3,,4.35,4.9
873,2017-03-01,4.3,,4.35,4.9
874,2017-03-02,4.3,,4.35,4.9
875,2017-03-03,4.3,,4.35,4.9
876,2017-03-06,4.3,,4.35,4.9
877,2017-03-07,4.3,,4.35,4.9
878,2017-03-08,4.3,,4.35,4.9
879,2017-03-09,4.3,,4.35,4.9
880,2017-03-10,4.3,,4.35,4.9
881,2017-03-13,4.3,,4.35,4.9
882,2017-03-14,4.3,,4.35,4.9
883,2017-03-15,4.3,,4.35,4.9
884,2017-03-16,4.3,,4.35,4.9
885,2017-03-17,4.3,,4.35,4.9
886,2017-03-20,4.3,,4.35,4.9
887,2017-03-21,4.3,,4.35,4.9
888,2017-03-22,4.3,,4.35,4.9
889,2017-03-23,4.3,,4.35,4.9
890,2017-03-24,4.3,,4.35,4.9
891,2017-03-27,4.3,,4.35,4.9
892,2017-03-28,4.3,,4.35,4.9
893,2017-03-29,4.3,,4.35,4.9
894,2017-03-30,4.3,,4.35,4.9
895,2017-03-31,4.3,,4.35,4.9
896,2017-04-01,4.3,,4.35,4.9
897,2017-04-05,4.3,,4.35,4.9
898,2017-04-06,4.3,,4.35,4.9
899,2017-04-07,4.3,,4.35,4.9
900,2017-04-10,4.3,,4.35,4.9
901,2017-04-11,4.3,,4.35,4.9
902,2017-04-12,4.3,,4.35,4.9
903,2017-04-13,4.3,,4.35,4.9
904,2017-04-14,4.3,,4.35,4.9
905,2017-04-17,4.3,,4.35,4.9
906,2017-04-18,4.3,,4.35,4.9
907,2017-04-19,4.3,,4.35,4.9
908,2017-04-20,4.3,,4.35,4.9
909,2017-04-21,4.3,,4.35,4.9
910,2017-04-24,4.3,,4.35,4.9
911,2017-04-25,4.3,,4.35,4.9
912,2017-04-26,4.3,,4.35,4.9
913,2017-04-27,4.3,,4.35,4.9
914,2017-04-28,4.3,,4.35,4.9
915,2017-05-02,4.3,,4.35,4.9
916,2017-05-03,4.3,,4.35,4.9
917,2017-05-04,4.3,,4.35,4.9
918,2017-05-05,4.3,,4.35,4.9
919,2017-05-08,4.3,,4.35,4.9
920,2017-05-09,4.3,,4.35,4.9
921,2017-05-10,4.3,,4.35,4.9
922,2017-05-11,4.3,,4.35,4.9
923,2017-05-12,4.3,,4.35,4.9
924,2017-05-15,4.3,,4.35,4.9
925,2017-05-16,4.3,,4.35,4.9
926,2017-05-17,4.3,,4.35,4.9
927,2017-05-18,4.3,,4.35,4.9
928,2017-05-19,4.3,,4.35,4.9
929,2017-05-22,4.3,,4.35,4.9
930,2017-05-23,4.3,,4.35,4.9
931,2017-05-24,4.3,,4.35,4.9
932,2017-05-25,4.3,,4.35,4.9
933,2017-05-26,4.3,,4.35,4.9
934,2017-05-27,4.3,,4.35,4.9
935,2017-05-31,4.3,,4.35,4.9
936,2017-06-01,4.3,,4.35,4.9
937,2017-06-02,4.3,,4.35,4.9
938,2017-06-05,4.3,,4.35,4.9
939,2017-06-06,4.3,,4.35,4.9
940,2017-06-07,4.3,,4.35,4.9
941,2017-06-08,4.3,,4.35,4.9
942,2017-06-09,4.3,,4.35,4.9
943,2017-06-12,4.3,,4.35,4.9
944,2017-06-13,4.3,,4.35,4.9
945,2017-06-14,4.3,,4.35,4.9
946,2017-06-15,4.3,,4.35,4.9
947,2017-06-16,4.3,,4.35,4.9
948,2017-06-19,4.3,,4.35,4.9
949,2017-06-20,4.3,,4.35,4.9
950,2017-06-21,4.3,,4.35,4.9
951,2017-06-22,4.3,,4.35,4.9
952,2017-06-23,4.3,,4.35,4.9
953,2017-06-26,4.3,,4.35,4.9
954,2017-06-27,4.3,,4.35,4.9
955,2017-06-28,4.3,,4.35,4.9
956,2017-06-29,4.3,,4.35,4.9
957,2017-06-30,4.3,,4.35,4.9
958,2017-07-03,4.3,,4.35,4.9
959,2017-07-04,4.3,,4.35,4.9
960,2017-07-05,4.3,,4.35,4.9
961,2017-07-06,4.3,,4.35,4.9
962,2017-07-07,4.3,,4.35,4.9
963,2017-07-10,4.3,,4.35,4.9
964,2017-07-11,4.3,,4.35,4.9
965,2017-07-12,4.3,,4.35,4.9
966,2017-07-13,4.3,,4.35,4.9
967,2017-07-14,4.3,,4.35,4.9
968,2017-07-17,4.3,,4.35,4.9
969,2017-07-18,4.3,,4.35,4.9
970,2017-07-19,4.3,,4.35,4.9
971,2017-07-20,4.3,,4.35,4.9
972,2017-07-21,4.3,,4.35,4.9
973,2017-07-24,4.3,,4.35,4.9
974,2017-07-25,4.3,,4.35,4.9
975,2017-07-26,4.3,,4.35,4.9
976,2017-07-27,4.3,,4.35,4.9
977,2017-07-28,4.3,,4.35,4.9
978,2017-07-31,4.3,,4.35,4.9
979,2017-08-01,4.3,,4.35,4.9
980,2017-08-02,4.3,,4.35,4.9
981,2017-08-03,4.3,,4.35,4.9
982,2017-08-04,4.3,,4.35,4.9
983,2017-08-07,4.3,,4.35,4.9
984,2017-08-08,4.3,,4.35,4.9
985,2017-08-09,4.3,,4.35,4.9
986,2017-08-10,4.3,,4.35,4.9
987,2017-08-11,4.3,,4.35,4.9
988,2017-08-14,4.3,,4.35,4.9
989,2017-08-15,4.3,,4.35,4.9
990,2017-08-16,4.3,,4.35,4.9
991,2017-08-17,4.3,,4.35,4.9
992,2017-08-18,4.3,,4.35,4.9
993,2017-08-21,4.3,,4.35,4.9
994,2017-08-22,4.3,,4.35,4.9
995,2017-08-23,4.3,,4.35,4.9
996,2017-08-24,4.3,,4.35,4.9
997,2017-08-25,4.3,,4.35,4.9
998,2017-08-28,4.3,,4.35,4.9
999,2017-08-29,4.3,,4.35,4.9
1000,2017-08-30,4.3,,4.35,4.9
1001,2017-08-31,4.3,,4.35,4.9
1002,2017-09-01,4.3,,4.35,4.9
1003,2017-09-04,4.3,,4.35,4.9
1004,2017-09-05,4.3,,4.35,4.9
1005,2017-09-06,4.3,,4.35,4.9
1006,2017-09-07,4.3,,4.35,4.9
1007,2017-09-08,4.3,,4.35,4.9
1008,2017-09-11,4.3,,4.35,4.9
1009,2017-09-12,4.3,,4.35,4.9
1010,2017-09-13,4.3,,4.35,4.9
1011,2017-09-14,4.3,,4.35,4.9
1012,2017-09-15,4.3,,4.35,4.9
1013,2017-09-18,4.3,,4.35,4.9
1014,2017-09-19,4.3,,4.35,4.9
1015,2017-09-20,4.3,,4.35,4.9
1016,2017-09-21,4.3,,4.35,4.9
1017,2017-09-22,4.3,,4.35,4.9
1018,2017-09-25,4.3,,4.35,4.9
1019,2017-09-26,4.3,,4.35,4.9
1020,2017-09-27,4.3,,4.35,4.9
1021,2017-09-28,4.3,,4.35,4.9
1022,2017-09-29,4.3,,4.35,4.9
1023,2017-09-30,4.3,,4.35,4.9
1024,2017-10-09,4.3,,4.35,4.9
1025,2017-10-10,4.3,,4.35,4.9
1026,2017-10-11,4.3,,4.35,4.9
1027,2017-10-12,4.3,,4.35,4.9
1028,2017-10-13,4.3,,4.35,4.9
1029,2017-10-16,4.3,,4.35,4.9
1030,2017-10-17,4.3,,4.35,4.9
1031,2017-10-18,4.3,,4.35,4.9
1032,2017-10-19,4.3,,4.35,4.9
1033,2017-10-20,4.3,,4.35,4.9
1034,2017-10-23,4.3,,4.35,4.9
1035,2017-10-24,4.3,,4.35,4.9
1036,2017-10-25,4.3,,4.35,4.9
1037,2017-10-26,4.3,,4.35,4.9
1038,2017-10-27,4.3,,4.35,4.9
1039,2017-10-30,4.3,,4.35,4.9
1040,2017-10-31,4.3,,4.35,4.9
1041,2017-11-01,4.3,,4.35,4.9
1042,2017-11-02,4.3,,4.35,4.9
1043,2017-11-03,4.3,,4.35,4.9
1044,2017-11-06,4.3,,4.35,4.9
1045,2017-11-07,4.3,,4.35,4.9
1046,2017-11-08,4.3,,4.35,4.9
1047,2017-11-09,4.3,,4.35,4.9
1048,2017-11-10,4.3,,4.35,4.9
1049,2017-11-13,4.3,,4.35,4.9
1050,2017-11-14,4.3,,4.35,4.9
1051,2017-11-15,4.3,,4.35,4.9
1052,2017-11-16,4.3,,4.35,4.9
1053,2017-11-17,4.3,,4.35,4.9
1054,2017-11-20,4.3,,4.35,4.9
1055,2017-11-21,4.3,,4.35,4.9
1056,2017-11-22,4.3,,4.35,4.9
1057,2017-11-23,4.3,,4.35,4.9
1058,2017-11-24,4.3,,4.35,4.9
1059,2017-11-27,4.3,,4.35,4.9
1060,2017-11-28,4.3,,4.35,4.9
1061,2017-11-29,4.3,,4.35,4.9
1062,2017-11-30,4.3,,4.35,4.9
1063,2017-12-01,4.3,,4.35,4.9
1064,2017-12-04,4.3,,4.35,4.9
1065,2017-12-05,4.3,,4.35,4.9
1066,2017-12-06,4.3,,4.35,4.9
1067,2017-12-07,4.3,,4.35,4.9
1068,2017-12-08,4.3,,4.35,4.9
1069,2017-12-11,4.3,,4.35,4.9
1070,2017-12-12,4.3,,4.35,4.9
1071,2017-12-13,4.3,,4.35,4.9
1072,2017-12-14,4.3,,4.35,4.9
1073,2017-12-15,4.3,,4.35,4.9
1074,2017-12-18,4.3,,4.35,4.9
1075,2017-12-19,4.3,,4.35,4.9
1076,2017-12-20,4.3,,4.35,4.9
1077,2017-12-21,4.3,,4.35,4.9
1078,2017-12-22,4.3,,4.35,4.9
1079,2017-12-25,4.3,,4.35,4.9
1080,2017-12-26,4.3,,4.35,4.9
1081,2017-12-27,4.3,,4.35,4.9
1082,2017-12-28,4.3,,4.35,4.9
1083,2017-12-29,4.3,,4.35,4.9
1084,2018-01-02,4.3,,4.35,4.9
1085,2018-01-03,4.3,,4.35,4.9
1086,2018-01-04,4.3,,4.35,4.9
1087,2018-01-05,4.3,,4.35,4.9
1088,2018-01-08,4.3,,4.35,4.9
1089,2018-01-09,4.3,,4.35,4.9
1090,2018-01-10,4.3,,4.35,4.9
1091,2018-01-11,4.3,,4.35,4.9
1092,2018-01-12,4.3,,4.35,4.9
1093,2018-01-15,4.3,,4.35,4.9
1094,2018-01-16,4.3,,4.35,4.9
1095,2018-01-17,4.3,,4.35,4.9
1096,2018-01-18,4.3,,4.35,4.9
1097,2018-01-19,4.3,,4.35,4.9
1098,2018-01-22,4.3,,4.35,4.9
1099,2018-01-23,4.3,,4.35,4.9
1100,2018-01-24,4.3,,4.35,4.9
1101,2018-01-25,4.3,,4.35,4.9
1102,2018-01-26,4.3,,4.35,4.9
1103,2018-01-29,4.3,,4.35,4.9
1104,2018-01-30,4.3,,4.35,4.9
1105,2018-01-31,4.3,,4.35,4.9
1106,2018-02-01,4.3,,4.35,4.9
1107,2018-02-02,4.3,,4.35,4.9
1108,2018-02-05,4.3,,4.35,4.9
1109,2018-02-06,4.3,,4.35,4.9
1110,2018-02-07,4.3,,4.35,4.9
1111,2018-02-08,4.3,,4.35,4.9
1112,2018-02-09,4.3,,4.35,4.9
1113,2018-02-11,4.3,,4.35,4.9
1114,2018-02-12,4.3,,4.35,4.9
1115,2018-02-13,4.3,,4.35,4.9
1116,2018-02-14,4.3,,4.35,4.9
1117,2018-02-22,4.3,,4.35,4.9
1118,2018-02-23,4.3,,4.35,4.9
1119,2018-02-24,4.3,,4.35,4.9
1120,2018-02-26,4.3,,4.35,4.9
1121,2018-02-27,4.3,,4.35,4.9
1122,2018-02-28,4.3,,4.35,4.9
1123,2018-03-01,4.3,,4.35,4.9
1124,2018-03-02,4.3,,4.35,4.9
1125,2018-03-05,4.3,,4.35,4.9
1126,2018-03-06,4.3,,4.35,4.9
1127,2018-03-07,4.3,,4.35,4.9
1128,2018-03-08,4.3,,4.35,4.9
1129,2018-03-09,4.3,,4.35,4.9
1130,2018-03-12,4.3,,4.35,4.9
1131,2018-03-13,4.3,,4.35,4.9
1132,2018-03-14,4.3,,4.35,4.9
1133,2018-03-15,4.3,,4.35,4.9
1134,2018-03-16,4.3,,4.35,4.9
1135,2018-03-19,4.3,,4.35,4.9
1136,2018-03-20,4.3,,4.35,4.9
1137,2018-03-21,4.3,,4.35,4.9
1138,2018-03-22,4.3,,4.35,4.9
1139,2018-03-23,4.3,,4.35,4.9
1140,2018-03-26,4.3,,4.35,4.9
1141,2018-03-27,4.3,,4.35,4.9
1142,2018-03-28,4.3,,4.35,4.9
1143,2018-03-29,4.3,,4.35,4.9
1144,2018-03-30,4.3,,4.35,4.9
1145,2018-04-02,4.3,,4.35,4.9
1146,2018-04-03,4.3,,4.35,4.9
1147,2018-04-04,4.3,,4.35,4.9
1148,2018-04-08,4.31,,4.35,4.9
1149,2018-04-09,4.31,,4.35,4.9
1150,2018-04-10,4.31,,4.35,4.9
1151,2018-04-11,4.31,,4.35,4.9
1152,2018-04-12,4.31,,4.35,4.9
1153,2018-04-13,4.31,,4.35,4.9
1154,2018-04-16,4.31,,4.35,4.9
1155,2018-04-17,4.31,,4.35,4.9
1156,2018-04-18,4.31,,4.35,4.9
1157,2018-04-19,4.31,,4.35,4.9
1158,2018-04-20,4.31,,4.35,4.9
1159,2018-04-23,4.31,,4.35,4.9
1160,2018-04-24,4.31,,4.35,4.9
1161,2018-04-25,4.31,,4.35,4.9
1162,2018-04-26,4.31,,4.35,4.9
1163,2018-04-27,4.31,,4.35,4.9
1164,2018-04-28,4.31,,4.35,4.9
1165,2018-05-02,4.31,,4.35,4.9
1166,2018-05-03,4.31,,4.35,4.9
1167,2018-05-04,4.31,,4.35,4.9
1168,2018-05-07,4.31,,4.35,4.9
1169,2018-05-08,4.31,,4.35,4.9
1170,2018-05-09,4.31,,4.35,4.9
1171,2018-05-10,4.31,,4.35,4.9
1172,2018-05-11,4.31,,4.35,4.9
1173,2018-05-14,4.31,,4.35,4.9
1174,2018-05-15,4.31,,4.35,4.9
1175,2018-05-16,4.31,,4.35,4.9
1176,2018-05-17,4.31,,4.35,4.9
1177,2018-05-18,4.31,,4.35,4.9
1178,2018-05-21,4.31,,4.35,4.9
1179,2018-05-22,4.31,,4.35,4.9
1180,2018-05-23,4.31,,4.35,4.9
1181,2018-05-24,4.31,,4.35,4.9
1182,2018-05-25,4.31,,4.35,4.9
1183,2018-05-28,4.31,,4.35,4.9
1184,2018-05-29,4.31,,4.35,4.9
1185,2018-05-30,4.31,,4.35,4.9
1186,2018-05-31,4.31,,4.35,4.9
1187,2018-06-01,4.31,,4.35,4.9
1188,2018-06-04,4.31,,4.35,4.9
1189,2018-06-05,4.31,,4.35,4.9
1190,2018-06-06,4.31,,4.35,4.9
1191,2018-06-07,4.31,,4.35,4.9
1192,2018-06-08,4.31,,4.35,4.9
1193,2018-06-11,4.31,,4.35,4.9
1194,2018-06-12,4.31,,4.35,4.9
1195,2018-06-13,4.31,,4.35,4.9
1196,2018-06-14,4.31,,4.35,4.9
1197,2018-06-15,4.31,,4.35,4.9
1198,2018-06-19,4.31,,4.35,4.9
1199,2018-06-20,4.31,,4.35,4.9
1200,2018-06-21,4.31,,4.35,4.9
1201,2018-06-22,4.31,,4.35,4.9
1202,2018-06-25,4.31,,4.35,4.9
1203,2018-06-26,4.31,,4.35,4.9
1204,2018-06-27,4.31,,4.35,4.9
1205,2018-06-28,4.31,,4.35,4.9
1206,2018-06-29,4.31,,4.35,4.9
1207,2018-07-02,4.31,,4.35,4.9
1208,2018-07-03,4.31,,4.35,4.9
1209,2018-07-04,4.31,,4.35,4.9
1210,2018-07-05,4.31,,4.35,4.9
1211,2018-07-06,4.31,,4.35,4.9
1212,2018-07-09,4.31,,4.35,4.9
1213,2018-07-10,4.31,,4.35,4.9
1214,2018-07-11,4.31,,4.35,4.9
1215,2018-07-12,4.31,,4.35,4.9
1216,2018-07-13,4.31,,4.35,4.9
1217,2018-07-16,4.31,,4.35,4.9
1218,2018-07-17,4.31,,4.35,4.9
1219,2018-07-18,4.31,,4.35,4.9
1220,2018-07-19,4.31,,4.35,4.9
1221,2018-07-20,4.31,,4.35,4.9
1222,2018-07-23,4.31,,4.35,4.9
1223,2018-07-24,4.31,,4.35,4.9
1224,2018-07-25,4.31,,4.35,4.9
1225,2018-07-26,4.31,,4.35,4.9
1226,2018-07-27,4.31,,4.35,4.9
1227,2018-07-30,4.31,,4.35,4.9
1228,2018-07-31,4.31,,4.35,4.9
1229,2018-08-01,4.31,,4.35,4.9
1230,2018-08-02,4.31,,4.35,4.9
1231,2018-08-03,4.31,,4.35,4.9
1232,2018-08-06,4.31,,4.35,4.9
1233,2018-08-07,4.31,,4.35,4.9
1234,2018-08-08,4.31,,4.35,4.9
1235,2018-08-09,4.31,,4.35,4.9
1236,2018-08-10,4.31,,4.35,4.9
1237,2018-08-13,4.31,,4.35,4.9
1238,2018-08-14,4.31,,4.35,4.9
1239,2018-08-15,4.31,,4.35,4.9
1240,2018-08-16,4.31,,4.35,4.9
1241,2018-08-17,4.31,,4.35,4.9
1242,2018-08-20,4.31,,4.35,4.9
1243,2018-08-21,4.31,,4.35,4.9
1244,2018-08-22,4.31,,4.35,4.9
1245,2018-08-23,4.31,,4.35,4.9
1246,2018-08-24,4.31,,4.35,4.9
1247,2018-08-27,4.31,,4.35,4.9
1248,2018-08-28,4.31,,4.35,4.9
1249,2018-08-29,4.31,,4.35,4.9
1250,2018-08-30,4.31,,4.35,4.9
1251,2018-08-31,4.31,,4.35,4.9
1252,2018-09-03,4.31,,4.35,4.9
1253,2018-09-04,4.31,,4.35,4.9
1254,2018-09-05,4.31,,4.35,4.9
1255,2018-09-06,4.31,,4.35,4.9
1256,2018-09-07,4.31,,4.35,4.9
1257,2018-09-10,4.31,,4.35,4.9
1258,2018-09-11,4.31,,4.35,4.9
1259,2018-09-12,4.31,,4.35,4.9
1260,2018-09-13,4.31,,4.35,4.9
1261,2018-09-14,4.31,,4.35,4.9
1262,2018-09-17,4.31,,4.35,4.9
1263,2018-09-18,4.31,,4.35,4.9
1264,2018-09-19,4.31,,4.35,4.9
1265,2018-09-20,4.31,,4.35,4.9
1266,2018-09-21,4.31,,4.35,4.9
1267,2018-09-25,4.31,,4.35,4.9
1268,2018-09-26,4.31,,4.35,4.9
1269,2018-09-27,4.31,,4.35,4.9
1270,2018-09-28,4.31,,4.35,4.9
1271,2018-09-29,4.31,,4.35,4.9
1272,2018-09-30,4.31,,4.35,4.9
1273,2018-10-08,4.31,,4.35,4.9
1274,2018-10-09,4.31,,4.35,4.9
1275,2018-10-10,4.31,,4.35,4.9
1276,2018-10-11,4.31,,4.35,4.9
1277,2018-10-12,4.31,,4.35,4.9
1278,2018-10-15,4.31,,4.35,4.9
1279,2018-10-16,4.31,,4.35,4.9
1280,2018-10-17,4.31,,4.35,4.9
1281,2018-10-18,4.31,,4.35,4.9
1282,2018-10-19,4.31,,4.35,4.9
1283,2018-10-22,4.31,,4.35,4.9
1284,2018-10-23,4.31,,4.35,4.9
1285,2018-10-24,4.31,,4.35,4.9
1286,2018-10-25,4.31,,4.35,4.9
1287,2018-10-26,4.31,,4.35,4.9
1288,2018-10-29,4.31,,4.35,4.9
1289,2018-10-30,4.31,,4.35,4.9
1290,2018-10-31,4.31,,4.35,4.9
1291,2018-11-01,4.31,,4.35,4.9
1292,2018-11-02,4.31,,4.35,4.9
1293,2018-11-05,4.31,,4.35,4.9
1294,2018-11-06,4.31,,4.35,4.9
1295,2018-11-07,4.31,,4.35,4.9
1296,2018-11-08,4.31,,4.35,4.9
1297,2018-11-09,4.31,,4.35,4.9
1298,2018-11-12,4.31,,4.35,4.9
1299,2018-11-13,4.31,,4.35,4.9
1300,2018-11-14,4.31,,4.35,4.9
1301,2018-11-15,4.31,,4.35,4.9
1302,2018-11-16,4.31,,4.35,4.9
1303,2018-11-19,4.31,,4.35,4.9
1304,2018-11-20,4.31,,4.35,4.9
1305,2018-11-21,4.31,,4.35,4.9
1306,2018-11-22,4.31,,4.35,4.9
1307,2018-11-23,4.31,,4.35,4.9
1308,2018-11-26,4.31,,4.35,4.9
1309,2018-11-27,4.31,,4.35,4.9
1310,2018-11-28,4.31,,4.35,4.9
1311,2018-11-29,4.31,,4.35,4.9
1312,2018-11-30,4.31,,4.35,4.9
1313,2018-12-03,4.31,,4.35,4.9
1314,2018-12-04,4.31,,4.35,4.9
1315,2018-12-05,4.31,,4.35,4.9
1316,2018-12-06,4.31,,4.35,4.9
1317,2018-12-07,4.31,,4.35,4.9
1318,2018-12-10,4.31,,4.35,4.9
1319,2018-12-11,4.31,,4.35,4.9
1320,2018-12-12,4.31,,4.35,4.9
1321,2018-12-13,4.31,,4.35,4.9
1322,2018-12-14,4.31,,4.35,4.9
1323,2018-12-17,4.31,,4.35,4.9
1324,2018-12-18,4.31,,4.35,4.9
1325,2018-12-19,4.31,,4.35,4.9
1326,2018-12-20,4.31,,4.35,4.9
1327,2018-12-21,4.31,,4.35,4.9
1328,2018-12-24,4.31,,4.35,4.9
1329,2018-12-25,4.31,,4.35,4.9
1330,2018-12-26,4.31,,4.35,4.9
1331,2018-12-27,4.31,,4.35,4.9
1332,2018-12-28,4.31,,4.35,4.9
1333,2018-12-29,4.31,,4.35,4.9
1334,2019-01-02,4.31,,4.35,4.9
1335,2019-01-03,4.31,,4.35,4.9
1336,2019-01-04,4.31,,4.35,4.9
1337,2019-01-07,4.31,,4.35,4.9
1338,2019-01-08,4.31,,4.35,4.9
1339,2019-01-09,4.31,,4.35,4.9
1340,2019-01-10,4.31,,4.35,4.9
1341,2019-01-11,4.31,,4.35,4.9
1342,2019-01-14,4.31,,4.35,4.9
1343,2019-01-15,4.31,,4.35,4.9
1344,2019-01-16,4.31,,4.35,4.9
1345,2019-01-17,4.31,,4.35,4.9
1346,2019-01-18,4.31,,4.35,4.9
1347,2019-01-21,4.31,,4.35,4.9
1348,2019-01-22,4.31,,4.35,4.9
1349,2019-01-23,4.31,,4.35,4.9
1350,2019-01-24,4.31,,4.35,4.9
1351,2019-01-25,4.31,,4.35,4.9
1352,2019-01-28,4.31,,4.35,4.9
1353,2019-01-29,4.31,,4.35,4.9
1354,2019-01-30,4.31,,4.35,4.9
1355,2019-01-31,4.31,,4.35,4.9
1356,2019-02-01,4.31,,4.35,4.9
1357,2019-02-02,4.31,,4.35,4.9
1358,2019-02-03,4.31,,4.35,4.9
1359,2019-02-11,4.31,,4.35,4.9
1360,2019-02-12,4.31,,4.35,4.9
1361,2019-02-13,4.31,,4.35,4.9
1362,2019-02-14,4.31,,4.35,4.9
1363,2019-02-15,4.31,,4.35,4.9
1364,2019-02-18,4.31,,4.35,4.9
1365,2019-02-19,4.31,,4.35,4.9
1366,2019-02-20,4.31,,4.35,4.9
1367,2019-02-21,4.31,,4.35,4.9
1368,2019-02-22,4.31,,4.35,4.9
1369,2019-02-25,4.31,,4.35,4.9
1370,2019-02-26,4.31,,4.35,4.9
1371,2019-02-27,4.31,,4.35,4.9
1372,2019-02-28,4.31,,4.35,4.9
1373,2019-03-01,4.31,,4.35,4.9
1374,2019-03-04,4.31,,4.35,4.9
1375,2019-03-05,4.31,,4.35,4.9
1376,2019-03-06,4.31,,4.35,4.9
1377,2019-03-07,4.31,,4.35,4.9
1378,2019-03-08,4.31,,4.35,4.9
1379,2019-03-11,4.31,,4.35,4.9
1380,2019-03-12,4.31,,4.35,4.9
1381,2019-03-13,4.31,,4.35,4.9
1382,2019-03-14,4.31,,4.35,4.9
1383,2019-03-15,4.31,,4.35,4.9
1384,2019-03-18,4.31,,4.35,4.9
1385,2019-03-19,4.31,,4.35,4.9
1386,2019-03-20,4.31,,4.35,4.9
1387,2019-03-21,4.31,,4.35,4.9
1388,2019-03-22,4.31,,4.35,4.9
1389,2019-03-25,4.31,,4.35,4.9
1390,2019-03-26,4.31,,4.35,4.9
1391,2019-03-27,4.31,,4.35,4.9
1392,2019-03-28,4.31,,4.35,4.9
1393,2019-03-29,4.31,,4.35,4.9
1394,2019-04-01,4.31,,4.35,4.9
1395,2019-04-02,4.31,,4.35,4.9
1396,2019-04-03,4.31,,4.35,4.9
1397,2019-04-04,4.31,,4.35,4.9
1398,2019-04-08,4.31,,4.35,4.9
1399,2019-04-09,4.31,,4.35,4.9
1400,2019-04-10,4.31,,4.35,4.9
1401,2019-04-11,4.31,,4.35,4.9
1402,2019-04-12,4.31,,4.35,4.9
1403,2019-04-15,4.31,,4.35,4.9
1404,2019-04-16,4.31,,4.35,4.9
1405,2019-04-17,4.31,,4.35,4.9
1406,2019-04-18,4.31,,4.35,4.9
1407,2019-04-19,4.31,,4.35,4.9
1408,2019-04-22,4.31,,4.35,4.9
1409,2019-04-23,4.31,,4.35,4.9
1410,2019-04-24,4.31,,4.35,4.9
1411,2019-04-25,4.31,,4.35,4.9
1412,2019-04-26,4.31,,4.35,4.9
1413,2019-04-28,4.31,,4.35,4.9
1414,2019-04-29,4.31,,4.35,4.9
1415,2019-04-30,4.31,,4.35,4.9
1416,2019-05-06,4.31,,4.35,4.9
1417,2019-05-07,4.31,,4.35,4.9
1418,2019-05-08,4.31,,4.35,4.9
1419,2019-05-09,4.31,,4.35,4.9
1420,2019-05-10,4.31,,4.35,4.9
1421,2019-05-13,4.31,,4.35,4.9
1422,2019-05-14,4.31,,4.35,4.9
1423,2019-05-15,4.31,,4.35,4.9
1424,2019-05-16,4.31,,4.35,4.9
1425,2019-05-17,4.31,,4.35,4.9
1426,2019-05-20,4.31,,4.35,4.9
1427,2019-05-21,4.31,,4.35,4.9
1428,2019-05-22,4.31,,4.35,4.9
1429,2019-05-23,4.31,,4.35,4.9
1430,2019-05-24,4.31,,4.35,4.9
1431,2019-05-27,4.31,,4.35,4.9
1432,2019-05-28,4.31,,4.35,4.9
1433,2019-05-29,4.31,,4.35,4.9
1434,2019-05-30,4.31,,4.35,4.9
1435,2019-05-31,4.31,,4.35,4.9
1436,2019-06-03,4.31,,4.35,4.9
1437,2019-06-04,4.31,,4.35,4.9
1438,2019-06-05,4.31,,4.35,4.9
1439,2019-06-06,4.31,,4.35,4.9
1440,2019-06-10,4.31,,4.35,4.9
1441,2019-06-11,4.31,,4.35,4.9
1442,2019-06-12,4.31,,4.35,4.9
1443,2019-06-13,4.31,,4.35,4.9
1444,2019-06-14,4.31,,4.35,4.9
1445,2019-06-17,4.31,,4.35,4.9
1446,2019-06-18,4.31,,4.35,4.9
1447,2019-06-19,4.31,,4.35,4.9
1448,2019-06-20,4.31,,4.35,4.9
1449,2019-06-21,4.31,,4.35,4.9
1450,2019-06-24,4.31,,4.35,4.9
1451,2019-06-25,4.31,,4.35,4.9
1452,2019-06-26,4.31,,4.35,4.9
1453,2019-06-27,4.31,,4.35,4.9
1454,2019-06-28,4.31,,4.35,4.9
1455,2019-07-01,4.31,,4.35,4.9
1456,2019-07-02,4.31,,4.35,4.9
1457,2019-07-03,4.31,,4.35,4.9
1458,2019-07-04,4.31,,4.35,4.9
1459,2019-07-05,4.31,,4.35,4.9
1460,2019-07-08,4.31,,4.35,4.9
1461,2019-07-09,4.31,,4.35,4.9
1462,2019-07-10,4.31,,4.35,4.9
1463,2019-07-11,4.31,,4.35,4.9
1464,2019-07-12,4.31,,4.35,4.9
1465,2019-07-15,4.31,,4.35,4.9
1466,2019-07-16,4.31,,4.35,4.9
1467,2019-07-17,4.31,,4.35,4.9
1468,2019-07-18,4.31,,4.35,4.9
1469,2019-07-19,4.31,,4.35,4.9
1470,2019-07-22,4.31,,4.35,4.9
1471,2019-07-23,4.31,,4.35,4.9
1472,2019-07-24,4.31,,4.35,4.9
1473,2019-07-25,4.31,,4.35,4.9
1474,2019-07-26,4.31,,4.35,4.9
1475,2019-07-29,4.31,,4.35,4.9
1476,2019-07-30,4.31,,4.35,4.9
1477,2019-07-31,4.31,,4.35,4.9
1478,2019-08-01,4.31,,4.35,4.9
1479,2019-08-02,4.31,,4.35,4.9
1480,2019-08-05,4.31,,4.35,4.9
1481,2019-08-06,4.31,,4.35,4.9
1482,2019-08-07,4.31,,4.35,4.9
1483,2019-08-08,4.31,,4.35,4.9
1484,2019-08-09,4.31,,4.35,4.9
1485,2019-08-12,4.31,,4.35,4.9
1486,2019-08-13,4.31,,4.35,4.9
1487,2019-08-14,4.31,,4.35,4.9
1488,2019-08-15,4.31,,4.35,4.9
1489,2019-08-16,4.31,,4.35,4.9
1490,2019-08-20,4.25,4.85,4.35,4.9
1491,2019-09-20,4.2,4.85,4.35,4.9
1492,2019-10-21,4.2,4.85,4.35,4.9
1493,2019-11-20,4.15,4.8,4.35,4.9
1494,2019-12-20,4.15,4.8,4.35,4.9
1495,2020-01-20,4.15,4.8,4.35,4.9
1496,2020-02-20,4.05,4.75,4.35,4.9
1497,2020-03-20,4.05,4.75,4.35,4.9
1498,2020-04-20,3.85,4.65,4.35,4.9
1499,2020-05-20,3.85,4.65,4.35,4.9
1500,2020-06-22,3.85,4.65,4.35,4.9
1501,2020-07-20,3.85,4.65,4.35,4.9
1502,2020-08-20,3.85,4.65,4.35,4.9
1503,2020-09-21,3.85,4.65,4.35,4.9
1504,2020-10-20,3.85,4.65,4.35,4.9
1505,2020-11-20,3.85,4.65,4.35,4.9
1506,2020-12-21,3.85,4.65,4.35,4.9
1507,2021-01-20,3.85,4.65,4.35,4.9
1508,2021-02-20,3.85,4.65,4.35,4.9
1509,2021-03-22,3.85,4.65,4.35,4.9
1510,2021-04-20,3.85,4.65,4.35,4.9
1511,2021-05-20,3.85,4.65,4.35,4.9
1512,2021-06-21,3.85,4.65,4.35,4.9
1513,2021-07-20,3.85,4.65,4.35,4.9
1514,2021-08-20,3.85,4.65,4.35,4.9
1515,2021-09-22,3.85,4.65,4.35,4.9
1516,2021-10-20,3.85,4.65,4.35,4.9
1517,2021-11-22,3.85,4.65,4.35,4.9
1518,2021-12-20,3.8,4.65,4.35,4.9
1519,2022-01-20,3.7,4.6,4.35,4.9
1520,2022-02-21,3.7,4.6,4.35,4.9
1521,2022-03-21,3.7,4.6,4.35,4.9
1522,2022-04-20,3.7,4.6,4.35,4.9
1523,2022-05-20,3.7,4.45,4.35,4.9
1524,2022-06-20,3.7,4.45,4.35,4.9
1525,2022-07-20,3.7,4.45,4.35,4.9
1526,2022-08-22,3.65,4.3,4.35,4.9
1527,2022-09-20,3.65,4.3,4.35,4.9
1528,2022-10-20,3.65,4.3,4.35,4.9
1529,2022-11-21,3.65,4.3,4.35,4.9
1530,2022-12-20,3.65,4.3,4.35,4.9
1531,2023-01-20,3.65,4.3,4.35,4.9
1532,2023-02-20,3.65,4.3,4.35,4.9
1533,2023-03-20,3.65,4.3,4.35,4.9
1534,2023-04-20,3.65,4.3,4.35,4.9
1535,2023-05-22,3.65,4.3,4.35,4.9
1536,2023-06-20,3.55,4.2,4.35,4.9
1537,2023-07-20,3.55,4.2,4.35,4.9
1538,2023-08-21,3.45,4.2,4.35,4.9
1539,2023-09-20,3.45,4.2,4.35,4.9
1540,2023-10-20,3.45,4.2,4.35,4.9
1541,2023-11-20,3.45,4.2,4.35,4.9
1542,2023-12-20,3.45,4.2,4.35,4.9
1543,2024-01-22,3.45,4.2,4.35,4.9
1544,2024-02-20,3.45,3.95,4.35,4.9
1545,2024-03-20,3.45,3.95,4.35,4.9
1546,2024-04-22,3.45,3.95,4.35,4.9
1547,2024-05-20,3.45,3.95,4.35,4.9
1548,2024-06-20,3.45,3.95,4.35,4.9
